ANIO,Rep£blica,GUATEMALA,El Progreso,Sacatep‚quez,Chimaltenango,Escuintla,Santa Rosa,Solol ,Totonicap n,Quetzaltenango,Suchitep‚quez,Retalhuleu,San Marcos,Huehuetenango,Quich‚,Baja Verapaz,Alta Verapaz,Pet‚n,Izabal,Zacapa,Chiquimula,Jalapa,Jutiapa
5,26.6,33.2,24.1,25.0,32.2,30.8,19.2,27.2,43.0,26.8,25.3,23.8,24.6,17.5,23.8,32.3,29.8,17.1,21.0,23.2,23.9,25.1,17.6
6,24.5,33.0,18.5,27.8,32.4,24.6,15.1,28.2,34.4,28.6,21.9,23.7,23.5,18.3,22.3,31.9,24.2,12.8,16.7,13.4,20.6,21.0,12.4
7,24.5,31.9,19.9,21.6,29.8,25.8,20.5,30.4,42.9,27.6,22.2,23.4,22.8,20.0,20.2,26.2,23.4,15.7,13.1,17.0,23.3,20.8,15.3
8,22.1,32.2,17.2,20.7,22.6,25.6,11.9,24.1,32.9,26.1,17.4,15.4,21.7,16.8,20.0,19.8,24.3,8.8,14.5,13.2,16.4,21.4,8.1
9,22.3,34.5,21.4,23.9,27.5,18.8,14.0,27.0,35.6,24.4,15.0,14.8,22.2,14.3,22.1,17.0,22.6,9.8,13.8,16.7,17.6,19.7,12.0
10,20.9,35.1,17.3,21.9,22.3,20.3,12.8,22.1,29.1,24.5,19.2,11.8,15.9,13.6,19.0,16.4,25.9,10.9,11.4,9.9,12.9,15.8,11.2
11,19.8,48.6,18.7,11.0,25.2,12.9,10.8,22.1,20.8,13.7,11.0,9.5,7.0,11.2,18.9,16.2,19.4,7.3,10.7,11.6,14.1,21.3,4.8
12,18.3,26.3,14.5,21.5,24.3,20.8,18.5,23.4,23.6,21.5,18.5,11.3,15.3,11.4,17.3,16.3,20.6,7.8,9.2,15.6,12.3,12.7,12.7
13,18.6,37.2,15.4,13.9,17.3,23.8,18.7,14.1,15.6,12.9,11.4,17.8,6.1,9.7,15.3,22.9,24.4,8.1,12.8,12.2,21.2,16.2,10.8
14,19.0,38.2,11.6,11.4,21.2,15.2,18.4,14.7,14.6,14.0,11.3,14.8,7.8,9.9,16.4,15.5,29.1,11.9,13.4,11.1,13.9,19.4,10.0
15,21.0,28.4,17.2,11.5,21.2,16.5,20.8,20.5,27.0,23.7,16.9,15.1,16.6,13.4,21.4,20.1,32.5,11.6,16.3,16.3,16.5,20.9,13.7
16,21.4,25.4,26.3,11.3,37.3,11.5,8.2,12.0,27.1,33.9,16.4,23.6,14.0,15.6,16.0,21.1,36.7,13.2,15.5,23.9,15.2,29.7,10.7
17,20.0,17.8,19.9,13.7,26.6,9.5,4.3,21.3,27.3,30.1,10.7,16.8,18.1,18.0,19.9,23.7,37.1,14.5,11.4,13.2,17.9,28.1,11.1
18,19.7,14.4,11.7,13.2,20.1,10.0,9.5,19.7,39.7,31.6,14.4,17.9,17.1,17.1,23.3,26.0,37.1,13.1,14.4,7.8,14.7,24.0,10.6
19,19.9,10.8,17.5,4.7,26.9,5.4,3.4,10.0,32.9,40.2,15.1,23.0,17.4,12.3,14.7,33.9,46.1,16.9,30.2,22.8,18.2,25.4,7.3
20,14.9,8.4,23.1,2.9,16.6,5.2,2.8,12.0,9.5,27.0,16.5,19.5,19.0,12.0,9.2,19.0,42.2,7.8,24.7,13.0,4.0,4.6,3.9
21,17.3,4.6,31.1,13.1,25.8,6.6,0.0,6.6,14.0,45.3,16.6,23.9,30.4,18.3,11.1,21.6,33.6,8.4,23.8,14.2,9.4,2.4,8.3
