ANIO,Repœblica,GUATEMALA,El Progreso,SacatepŽquez,Chimaltenango,Escuintla,Santa Rosa,Solol‡,Totonicap‡n,Quetzaltenango,SuchitepŽquez,Retalhuleu,San Marcos,Huehuetenango,QuichŽ,Baja Verapaz,Alta Verapaz,PetŽn,Izabal,Zacapa,Chiquimula,Jalapa,Jutiapa
2005,32.8,84.2,34.5,69.2,23.4,49.4,44.6,8.7,8.4,36.4,23.3,44.0,9.4,13.0,7.8,20.5,9.5,23.0,32.5,30.5,24.6,22.2,31.2
2006,34.0,84.6,40.2,73.0,24.4,55.3,48.0,11.7,9.5,34.3,23.9,41.1,9.9,14.0,8.5,21.9,11.3,23.9,36.0,33.2,26.0,25.8,31.0
2007,35.2,85.9,42.0,73.0,25.2,60.1,54.0,12.2,9.8,36.1,21.5,47.9,13.6,14.6,9.6,21.7,12.2,26.2,38.2,35.8,25.1,27.7,33.2
2008,41.4,88.0,47.0,77.4,29.9,69.7,62.5,15.3,14.8,41.3,38.3,52.0,19.5,18.3,14.2,26.9,21.2,31.7,45.0,56.5,28.7,34.6,51.5
2009,49.7,90.6,66.0,81.0,36.5,77.6,67.1,26.3,23.6,54.1,53.2,63.9,30.4,23.7,20.8,42.7,33.1,37.5,56.4,67.6,36.9,47.1,61.6
2010,51.7,91.0,70.8,82.7,39.7,79.7,70.5,29.6,28.2,56.6,57.3,65.2,32.7,25.0,23.3,46.4,37.2,41.0,57.2,72.0,38.9,54.0,66.3
2011,55.2,91.0,76.6,84.5,47.8,82.8,73.6,33.7,31.7,59.8,60.7,71.4,35.6,28.3,28.5,49.1,40.5,45.0,58.7,71.6,42.1,59.1,69.7
2012,58.7,91.9,81.4,85.7,56.0,85.5,79.1,38.2,35.6,63.2,66.1,73.8,40.5,29.9,31.2,55.3,44.1,49.4,66.1,75.6,46.5,68.2,72.6
2013,62.8,92.4,86.0,88.6,60.9,88.8,82.5,43.4,41.8,66.6,71.7,79.7,47.1,32.8,35.4,57.5,47.7,55.5,69.3,77.2,56.3,74.7,76.6
2014,66.1,93.5,86.7,88.8,64.0,90.1,85.2,47.4,45.4,69.5,78.1,82.0,54.7,35.7,38.7,63.7,51.1,61.4,70.9,80.3,57.2,79.3,80.6
2015,67.4,94.0,87.9,89.9,66.8,91.0,87.2,50.2,46.9,72.6,81.2,82.8,57.4,36.9,41.0,66.8,50.4,65.7,69.6,80.8,56.6,80.2,83.1
2016,67.8,94.6,89.4,91.2,67.0,90.8,88.0,53.7,48.8,72.8,83.5,84.0,56.4,38.5,40.0,65.1,48.8,66.9,71.5,81.7,59.0,82.4,83.7
2017,69.6,94.8,91.7,92.2,70.2,91.9,90.4,57.0,52.5,75.8,86.4,84.6,58.8,39.4,41.0,65.8,52.6,69.7,72.1,80.9,59.8,83.6,84.9
2018,71.6,94.8,91.7,92.4,72.3,91.4,93.3,59.5,56.1,77.7,86.7,84.6,60.9,43.9,45.5,73.0,60.1,71.9,70.4,84.4,61.5,82.4,85.9
2019,73.8,95.4,94.0,93.6,75.4,93.3,95.1,62.7,60.5,80.6,89.1,88.0,65.3,46.0,48.6,71.5,61.6,74.3,77.3,84.9,65.6,86.2,90.4
2020,68.9,93.7,91.4,90.7,71.6,90.9,92.4,57.6,52.9,73.2,84.8,85.0,59.1,41.4,43.8,67.2,49.6,69.6,72.3,82.9,62.8,82.5,84.8
2021,68.8,94.2,91.9,91.2,72.4,92.0,92.3,58.2,52.4,74.3,84.8,85.7,60.0,41.4,43.7,68.4,50.7,70.1,72.8,81.2,63.9,82.0,86.7
